model: MLP(Flatten -> Linear(49152,512) -> ReLU -> Dropout -> Linear(512,1))
data_root: data_split_sub2000
seed: 42
epochs: 15
params: 25166849
cnn_params: 1173473
best_epoch: 14
best_val_acc: 0.6400
test_acc: 0.6333
test_cm: [[210, 90], [130, 170]]
mean_epoch_time_s: 32.19
train_loss: [8.271721058193295, 3.6739369069022696, 1.2116710440865879, 1.1215734091298333, 0.9142316689436463, 0.8637978105709471, 0.7896805439872303, 0.741608599479171, 0.7103758858538222, 0.6601546571172517, 0.6573000368715702, 0.6261841343052086, 0.6207730314512362, 0.6092345464503628, 0.5937316397140766]
val_loss: [5.822778511047363, 1.1897750584284466, 0.9873889795939128, 0.9439551329612732, 1.0154037261009217, 0.7715144411722819, 0.771936868429184, 0.7205310662587484, 0.6587803037961324, 0.6708451620737712, 0.6787678130467732, 0.6614683310190836, 0.6537903356552124, 0.6379024600982666, 0.6338871749242146]
train_acc: [0.5610632183908046, 0.5560344827586207, 0.579382183908046, 0.5599856321839081, 0.5653735632183908, 0.576867816091954, 0.5869252873563219, 0.6056034482758621, 0.6095545977011494, 0.6382902298850575, 0.6336206896551724, 0.6627155172413793, 0.6681034482758621, 0.6641522988505747, 0.6853448275862069]
val_acc: [0.5266666666666666, 0.6, 0.5633333333333334, 0.5383333333333333, 0.5616666666666666, 0.6033333333333334, 0.58, 0.615, 0.62, 0.6233333333333333, 0.6133333333333333, 0.6216666666666667, 0.6233333333333333, 0.64, 0.6383333333333333]
