tag: full_aug_v2
seed: 42
epochs: 20
batch_size: 32
lr: 0.001
augment: 1
strong_aug: 1
params: 1173473
best_epoch: 19
best_val_acc: 0.9299
train_acc_at_best_epoch: 0.9049
train_val_gap_at_best_epoch: -0.0249
val_acc_final: 0.9299
test_loss: 0.1719
test_acc: 0.9304
test_cm: [[1751, 124], [137, 1738]]
test_cat_to_dog: 124
test_dog_to_cat: 137
train_loss: [0.6674903013330676, 0.6377417141155446, 0.6071627653671272, 0.5822942932665129, 0.5593411648448133, 0.522653477532523, 0.4918655832826873, 0.45654733921145346, 0.4171355611784554, 0.37751253456859796, 0.3507633318940362, 0.32421490499551914, 0.30154331398261336, 0.2847895376629882, 0.266289619940432, 0.2579926191914431, 0.25020850241020487, 0.2396574819208065, 0.2364194885906064, 0.23376643229207714]
val_loss: [0.6515209337234497, 0.6035778105735778, 0.555015644232432, 0.6502915413061777, 0.5345771583080292, 0.41977148043314616, 0.4476911958614985, 0.33974129560788474, 0.3294562338511149, 0.5142934900840124, 0.3043560150067012, 0.23637938610712686, 0.2111610731124878, 0.22074605193237465, 0.19889647104938826, 0.1781043454647064, 0.17741394327481588, 0.16557857198119164, 0.1669645071486632, 0.1750458508779605]
train_acc: [0.5858516483516484, 0.6306089743589743, 0.669757326007326, 0.6933379120879121, 0.7167467948717948, 0.7427884615384616, 0.7651671245421245, 0.7846840659340659, 0.8118131868131868, 0.8305860805860806, 0.8435210622710623, 0.8585164835164835, 0.8688759157509157, 0.8790064102564102, 0.8879922161172161, 0.8895947802197802, 0.8934867216117216, 0.8992101648351648, 0.904933608058608, 0.9013850732600732]
val_acc: [0.6090666666666666, 0.6784, 0.7205333333333334, 0.6722666666666667, 0.7501333333333333, 0.8152, 0.7984, 0.8522666666666666, 0.8626666666666667, 0.7909333333333334, 0.8677333333333334, 0.8994666666666666, 0.9106666666666666, 0.9077333333333333, 0.9165333333333333, 0.9229333333333334, 0.924, 0.9285333333333333, 0.9298666666666666, 0.928]
