tag: subset_aug
seed: 42
epochs: 15
batch_size: 32
lr: 0.001
augment: 1
strong_aug: 0
params: 1173473
best_epoch: 15
best_val_acc: 0.7950
train_acc_at_best_epoch: 0.7870
train_val_gap_at_best_epoch: -0.0080
val_acc_final: 0.7950
test_loss: 0.4861
test_acc: 0.7617
test_cm: [[242, 58], [85, 215]]
test_cat_to_dog: 58
test_dog_to_cat: 85
train_loss: [0.7022776165227781, 0.6608910875758905, 0.633293506742894, 0.6218696640825819, 0.6116406150247858, 0.5757283349146788, 0.5624609014083599, 0.557266393612171, 0.5422703548409473, 0.5233510777182963, 0.5078594133086588, 0.5005238032203981, 0.4844470705794192, 0.4733827103828562, 0.46089716752370197]
val_loss: [0.6496429411570231, 0.6668681303660074, 0.6750875377655029, 0.6094993233680726, 0.6133324352900187, 0.5667922027905782, 0.5662733515103658, 0.6114496405919393, 0.5283154733975728, 0.5281955051422119, 0.5700518043835958, 0.48767825682957966, 0.48012507836023965, 0.46848779241244, 0.468825048605601]
train_acc: [0.5621408045977011, 0.6027298850574713, 0.6476293103448276, 0.6526580459770115, 0.680316091954023, 0.6993534482758621, 0.7151580459770115, 0.7223419540229885, 0.7323994252873564, 0.7410201149425287, 0.757183908045977, 0.7550287356321839, 0.766882183908046, 0.7697557471264368, 0.7869971264367817]
val_acc: [0.6233333333333333, 0.5983333333333334, 0.59, 0.6583333333333333, 0.655, 0.7083333333333334, 0.7133333333333334, 0.6533333333333333, 0.7516666666666667, 0.725, 0.69, 0.7683333333333333, 0.7733333333333333, 0.7916666666666666, 0.795]
