tag: subset_noaug
seed: 42
epochs: 15
batch_size: 32
lr: 0.001
augment: 0
strong_aug: 0
params: 1173473
best_epoch: 15
best_val_acc: 0.8217
train_acc_at_best_epoch: 0.9116
train_val_gap_at_best_epoch: 0.0900
val_acc_final: 0.8217
test_loss: 0.4168
test_acc: 0.8167
test_cm: [[258, 42], [68, 232]]
test_cat_to_dog: 42
test_dog_to_cat: 68
train_loss: [0.6691346449413519, 0.6141577260247593, 0.5798642659324339, 0.5624950887828037, 0.5375428528621279, 0.5046198953842295, 0.47440451965934927, 0.46327201456859196, 0.4185642146173565, 0.37587093998645915, 0.36193998723194515, 0.3114137813962739, 0.2802357978519352, 0.25109864976899376, 0.23434673643660273]
val_loss: [0.658075946966807, 0.8617643880844116, 0.573366178671519, 0.5606697106361389, 0.5837443987528483, 0.6352813450495401, 0.6137921142578125, 0.5179586251576741, 0.5083963815371195, 0.507710653146108, 0.5284788540999095, 0.42739943583806356, 0.4196682325998942, 0.4029552205403646, 0.39141372362772625]
train_acc: [0.6127873563218391, 0.6551724137931034, 0.7011494252873564, 0.7126436781609196, 0.7367097701149425, 0.7514367816091954, 0.7794540229885057, 0.7826867816091954, 0.8002873563218391, 0.8275862068965517, 0.8397988505747126, 0.8692528735632183, 0.8796695402298851, 0.9030172413793104, 0.9116379310344828]
val_acc: [0.6483333333333333, 0.575, 0.7133333333333334, 0.715, 0.72, 0.6783333333333333, 0.7, 0.7566666666666667, 0.765, 0.775, 0.775, 0.81, 0.8016666666666666, 0.8016666666666666, 0.8216666666666667]
